13048
10
0440211727
0679772677
0446605239
0440224764
044022165X
0446608955
0671023616
0425153975
0671041789
080410753X

13082
10
0440211727
0679772677
0446605239
0440224764
044022165X
0446608955
0671023616
0425153975
0671041789
080410753X

13093
10
0440211727
0679772677
0446605239
0440224764
044022165X
0671023616
0425153975
080410753X
006018311X
0061009059

13104
5
0446605239
0440224764
0446608955
0671023616
0671041789

13121
10
0440211727
0679772677
0446605239
0440224764
044022165X
0446608955
0671023616
0425153975
0671041789
080410753X

13126
5
0446605239
0440224764
0446608955
0671023616
0671041789

13154
10
0440211727
0679772677
0446605239
0440224764
044022165X
0446608955
0671023616
0425153975
0671041789
080410753X

13164
8
0440211727
0446605239
0440224764
044022165X
0446608955
0671023616
0671041789
080410753X

13231
10
0440211727
0679772677
0446605239
0440224764
044022165X
0446608955
0671023616
0425153975
0671041789
080410753X

13256
10
0440211727
0679772677
0446605239
0440224764
044022165X
0446608955
0671023616
0425153975
0671041789
080410753X

13260
10
0440211727
0679772677
0446605239
0440224764
044022165X
0446608955
0671023616
0425153975
0671041789
080410753X

13273
7
0440211727
0679772677
044022165X
0446608955
0425153975
0671041789
080410753X

13279
10
0440211727
0679772677
0446605239
0440224764
044022165X
0446608955
0671023616
0425153975
0671041789
080410753X

13331
8
0140292683
0440211727
0679772677
044022165X
0446608955
0425153975
0671041789
080410753X

13387
10
0440211727
0679772677
0446605239
0440224764
044022165X
0446608955
0671023616
0425153975
0671041789
080410753X

13399
10
0440211727
0679772677
0446605239
0440224764
044022165X
0446608955
0671023616
0425153975
0671041789
080410753X

13426
8
0440211727
0446605239
0440224764
044022165X
0446608955
0671023616
0671041789
080410753X

13428
10
0440211727
0679772677
0446605239
0440224764
044022165X
0446608955
0671023616
0425153975
0671041789
080410753X

13503
10
0440211727
0679772677
0446605239
0440224764
044022165X
0446608955
0671023616
0425153975
0671041789
080410753X

13518
7
0140292683
0425124347
0446605239
0440224764
0446608955
0671023616
0671041789

13521
5
0446605239
0440224764
0446608955
0671023616
0671041789

13522
10
0440211727
0679772677
0446605239
0440224764
044022165X
0446608955
0671023616
0425153975
0671041789
080410753X

13523
10
0440211727
0679772677
0446605239
0440224764
044022165X
0446608955
0671023616
0425153975
0671041789
080410753X

13524
5
0446605239
0440224764
0446608955
0671023616
0671041789

13525
10
0440211727
0679772677
0446605239
0440224764
044022165X
0446608955
0671023616
0425153975
0671041789
080410753X

13526
10
0440211727
0679772677
0446605239
0440224764
044022165X
0446608955
0671023616
0425153975
0671041789
080410753X

13527
10
0440211727
0679772677
0446605239
0440224764
044022165X
0446608955
0671023616
0425153975
0671041789
080410753X

13528
5
0446605239
0440224764
0446608955
0671023616
0671041789

13529
10
0440211727
0679772677
0446605239
0440224764
044022165X
0446608955
0671023616
0425153975
0671041789
080410753X

13530
5
0446605239
0440224764
0446608955
0671023616
0671041789

13531
10
0440211727
0679772677
0446605239
0440224764
044022165X
0446608955
0671023616
0425153975
0671041789
080410753X

13532
5
0446605239
0440224764
0446608955
0671023616
0671041789

13533
5
0446605239
0440224764
0446608955
0671023616
0671041789

13534
10
0440211727
0679772677
0446605239
0440224764
044022165X
0446608955
0671023616
0425153975
0671041789
080410753X

13535
10
0440211727
0679772677
0446605239
0440224764
044022165X
0446608955
0671023616
0425153975
0671041789
080410753X

13536
10
0440211727
0679772677
0446605239
0440224764
044022165X
0446608955
0671023616
0425153975
0671041789
080410753X

13537
10
0440211727
0679772677
0446605239
0440224764
044022165X
0446608955
0671023616
0425153975
0671041789
080410753X

13538
10
0440211727
0679772677
0446605239
0440224764
044022165X
0446608955
0671023616
0425153975
0671041789
080410753X

13539
10
0440211727
0679772677
0446605239
0440224764
044022165X
0446608955
0671023616
0425153975
0671041789
080410753X

13540
10
0440211727
0679772677
0446605239
0440224764
044022165X
0446608955
0671023616
0425153975
0671041789
080410753X

13541
10
0440211727
0679772677
0446605239
0440224764
044022165X
0446608955
0671023616
0425153975
0671041789
080410753X

13542
5
0446605239
0440224764
0446608955
0671023616
0671041789

13543
10
0440211727
0679772677
0446605239
0440224764
044022165X
0446608955
0671023616
0425153975
0671041789
080410753X

13544
10
0440211727
0679772677
0446605239
0440224764
044022165X
0446608955
0671023616
0425153975
0671041789
080410753X

13545
10
0440211727
0679772677
0446605239
0440224764
044022165X
0446608955
0671023616
0425153975
0671041789
080410753X

13546
5
0446605239
0440224764
0446608955
0671023616
0671041789

13547
7
0440211727
0679772677
044022165X
0446608955
0425153975
0671041789
080410753X

13548
10
0440211727
0679772677
0446605239
0440224764
044022165X
0446608955
0671023616
0425153975
0671041789
080410753X

13549
10
0440211727
0679772677
0446605239
0440224764
044022165X
0446608955
0671023616
0425153975
0671041789
080410753X

13550
10
0440211727
0679772677
0446605239
0440224764
044022165X
0446608955
0671023616
0425153975
0671041789
080410753X

13551
10
0440211727
0679772677
0446605239
0440224764
044022165X
0446608955
0671023616
0425153975
0671041789
080410753X

13552
10
0689807791
044021145X
0440211727
0679772677
0446605239
0440224764
044022165X
0446608955
0671023616
0425153975

13553
4
0446605239
0440224764
0446608955
0671023616

13554
10
0440211727
0679772677
0446605239
0440224764
044022165X
0446608955
0671023616
0425153975
0671041789
080410753X

13555
10
0440211727
0679772677
0446605239
0440224764
044022165X
0446608955
0671023616
0425153975
0671041789
080410753X

13556
10
0440211727
0679772677
0446605239
0440224764
044022165X
0446608955
0671023616
0425153975
0671041789
080410753X

13557
10
0440211727
0679772677
0446605239
0440224764
044022165X
0446608955
0671023616
0425153975
0671041789
080410753X

13558
10
0440211727
0679772677
0446605239
0440224764
044022165X
0446608955
0671023616
0425153975
0671041789
080410753X

13559
10
0440211727
0679772677
0446605239
0440224764
044022165X
0446608955
0671023616
0425153975
0671041789
080410753X

13560
10
0440211727
0679772677
0446605239
0440224764
044022165X
0446608955
0671023616
0425153975
0671041789
080410753X

13561
10
0440211727
0679772677
0446605239
0440224764
044022165X
0446608955
0671023616
0425153975
0671041789
080410753X

13562
4
0446605239
0440224764
0446608955
0671023616

13563
4
0446605239
0440224764
0446608955
0671023616

13564
10
0440211727
0679772677
0446605239
0440224764
044022165X
0446608955
0671023616
0425153975
0671041789
080410753X

13565
4
0446605239
0440224764
0446608955
0671023616

13566
10
0440211727
0679772677
0446605239
0440224764
044022165X
0446608955
0671023616
0425153975
0671041789
080410753X

13567
4
0446605239
0440224764
0446608955
0671023616

13568
10
0440211727
0679772677
0446605239
0440224764
044022165X
0446608955
0671023616
0425153975
0671041789
080410753X

13569
10
0440211727
0679772677
0446605239
0440224764
044022165X
0446608955
0671023616
0425153975
0671041789
080410753X

13570
4
0446605239
0440224764
0446608955
0671023616

13571
4
0446605239
0440224764
0446608955
0671023616

13572
10
0440211727
0679772677
0446605239
0440224764
044022165X
0446608955
0671023616
0425153975
0671041789
080410753X

13573
10
0440211727
0679772677
0446605239
0440224764
044022165X
0446608955
0671023616
0425153975
0671041789
080410753X

13574
10
0440211727
0679772677
0446605239
0440224764
044022165X
0446608955
0671023616
0425153975
0671041789
080410753X

13575
4
0446605239
0440224764
0446608955
0671023616

13576
4
0446605239
0440224764
0446608955
0671023616

13577
6
0440211727
0446605239
0440224764
044022165X
0446608955
0671023616

13578
10
0440211727
0679772677
0446605239
0440224764
044022165X
0446608955
0671023616
0425153975
0671041789
080410753X

13579
4
0446605239
0440224764
0446608955
0671023616

13580
5
0440211727
0679772677
044022165X
0446608955
0425153975

13581
6
0440211727
0446605239
0440224764
044022165X
0446608955
0671023616

13582
10
0671001795
0671670662
0671695142
0671695169
0671708635
068484477X
0440211727
0679772677
0446605239
0440224764

13583
10
0440211727
0679772677
0446605239
0440224764
044022165X
0446608955
0671023616
0425153975
0671041789
080410753X

13584
10
0440211727
0679772677
0446605239
0440224764
044022165X
0446608955
0671023616
0425153975
0671041789
080410753X

13585
10
0440211727
0679772677
0446605239
0440224764
044022165X
0446608955
0671023616
0425153975
0671041789
080410753X

13586
2
0440211727
0679772677

13587
2
0446605239
0440224764

13588
2
0446605239
0440224764

13589
2
0446605239
0440224764

13590
3
0440211727
0446605239
0440224764

13591
10
0440211727
0679772677
0446605239
0440224764
044022165X
0446608955
0671023616
0425153975
0671041789
080410753X

13592
2
0440211727
0679772677

13593
10
0440211727
0679772677
0446605239
0440224764
044022165X
0446608955
0671023616
0425153975
0671041789
080410753X

13594
10
0440211727
0679772677
0446605239
0440224764
044022165X
0446608955
0671023616
0425153975
0671041789
080410753X

13595
10
0440211727
0679772677
0446605239
0440224764
044022165X
0446608955
0671023616
0425153975
0671041789
080410753X

13596
4
0440211727
0679772677
0446605239
0440224764

13597
4
0440211727
0679772677
0446605239
0440224764

13598
4
0440211727
0679772677
0446605239
0440224764

13599
2
0446605239
0440224764

13600
10
0440211727
0679772677
0446605239
0440224764
044022165X
0446608955
0671023616
0425153975
0671041789
080410753X

13601
10
0440211727
0679772677
0446605239
0440224764
044022165X
0446608955
0671023616
0425153975
0671041789
080410753X

13602
10
0440211727
0679772677
0446605239
0440224764
044022165X
0446608955
0671023616
0425153975
0671041789
080410753X

13603
2
0446605239
0440224764

13604
2
0440211727
0679772677

13605
10
0440211727
0679772677
0446605239
0440224764
044022165X
0446608955
0671023616
0425153975
0671041789
080410753X

13606
10
0440211727
0679772677
0446605239
0440224764
044022165X
0446608955
0671023616
0425153975
0671041789
080410753X

13607
4
0440211727
0679772677
0446605239
0440224764

13608
10
0440211727
0679772677
0446605239
0440224764
044022165X
0446608955
0671023616
0425153975
0671041789
080410753X

13609
10
0440211727
0679772677
0446605239
0440224764
044022165X
0446608955
0671023616
0425153975
0671041789
080410753X

13610
3
0440211727
0446605239
0440224764

13611
2
0446605239
0440224764

13612
10
0440211727
0679772677
0446605239
0440224764
044022165X
0446608955
0671023616
0425153975
0671041789
080410753X

13613
10
0440211727
0679772677
0446605239
0440224764
044022165X
0446608955
0671023616
0425153975
0671041789
080410753X

13614
10
0440211727
0679772677
0446605239
0440224764
044022165X
0446608955
0671023616
0425153975
0671041789
080410753X

13615
2
0446605239
0440224764

13616
10
0440211727
0679772677
0446605239
0440224764
044022165X
0446608955
0671023616
0425153975
0671041789
080410753X

13617
10
0440211727
0679772677
0446605239
0440224764
044022165X
0446608955
0671023616
0425153975
0671041789
080410753X

13618
10
0440211727
0679772677
0446605239
0440224764
044022165X
0446608955
0671023616
0425153975
0671041789
080410753X

13619
3
0440211727
0446605239
0440224764

13620
10
0440211727
0679772677
0446605239
0440224764
044022165X
0446608955
0671023616
0425153975
0671041789
080410753X

13621
4
0440211727
0679772677
0446605239
0440224764

13622
10
0440211727
0679772677
0446605239
0440224764
044022165X
0446608955
0671023616
0425153975
0671041789
080410753X

13623
10
0440211727
0679772677
0446605239
0440224764
044022165X
0446608955
0671023616
0425153975
0671041789
080410753X

13624
2
0446605239
0440224764

13625
10
0440211727
0679772677
0446605239
0440224764
044022165X
0446608955
0671023616
0425153975
0671041789
080410753X

13626
10
0440211727
0679772677
0446605239
0440224764
044022165X
0446608955
0671023616
0425153975
0671041789
080410753X

13627
10
0440211727
0679772677
0446605239
0440224764
044022165X
0446608955
0671023616
0425153975
0671041789
080410753X

13628
10
0440211727
0679772677
0446605239
0440224764
044022165X
0446608955
0671023616
0425153975
0671041789
080410753X

13629
10
0440211727
0679772677
0446605239
0440224764
044022165X
0446608955
0671023616
0425153975
0671041789
080410753X

13630
10
0440211727
0679772677
0446605239
0440224764
044022165X
0446608955
0671023616
0425153975
0671041789
080410753X

13631
10
0440211727
0679772677
0446605239
0440224764
044022165X
0446608955
0671023616
0425153975
0671041789
080410753X

13632
10
0440211727
0679772677
0446605239
0440224764
044022165X
0446608955
0671023616
0425153975
0671041789
080410753X

13633
10
0440211727
0679772677
0446605239
0440224764
044022165X
0446608955
0671023616
0425153975
0671041789
080410753X

13634
10
0440211727
0679772677
0446605239
0440224764
044022165X
0446608955
0671023616
0425153975
0671041789
080410753X

13635
2
0446605239
0440224764

13636
10
0440211727
0679772677
0446605239
0440224764
044022165X
0446608955
0671023616
0425153975
0671041789
080410753X

13637
2
0446605239
0440224764

13638
10
0440211727
0679772677
0446605239
0440224764
044022165X
0446608955
0671023616
0425153975
0671041789
080410753X

13639
2
0440211727
0679772677

13640
2
0446605239
0440224764

13641
10
0440211727
0679772677
0446605239
0440224764
044022165X
0446608955
0671023616
0425153975
0671041789
080410753X

13642
10
0440211727
0679772677
0446605239
0440224764
044022165X
0446608955
0671023616
0425153975
0671041789
080410753X

13643
2
0446605239
0440224764

13644
2
0446605239
0440224764

13645
10
0440211727
0679772677
0446605239
0440224764
044022165X
0446608955
0671023616
0425153975
0671041789
080410753X

13646
4
0440211727
0679772677
0446605239
0440224764

13647
3
0440211727
0446605239
0440224764

13648
10
0440211727
0679772677
0446605239
0440224764
044022165X
0446608955
0671023616
0425153975
0671041789
080410753X

13649
10
0440211727
0679772677
0446605239
0440224764
044022165X
0446608955
0671023616
0425153975
0671041789
080410753X

13650
2
0440211727
0679772677

13651
2
0440211727
0679772677

13652
2
0440211727
0679772677

13653
10
0440211727
0679772677
0446605239
0440224764
044022165X
0446608955
0671023616
0425153975
0671041789
080410753X

13654
10
0440211727
0679772677
0446605239
0440224764
044022165X
0446608955
0671023616
0425153975
0671041789
080410753X

13655
10
0440211727
0679772677
0446605239
0440224764
044022165X
0446608955
0671023616
0425153975
0671041789
080410753X

13656
2
0440211727
0679772677

13657
10
0440211727
0679772677
0446605239
0440224764
044022165X
0446608955
0671023616
0425153975
0671041789
080410753X

13658
10
0440211727
0679772677
0446605239
0440224764
044022165X
0446608955
0671023616
0425153975
0671041789
080410753X

13659
10
067102423X
0671670662
0671695142
0671695169
0671708635
068484267X
068484477X
0684862719
0440211727
0446605239

13660
10
0440211727
0679772677
0446605239
0440224764
044022165X
0446608955
0671023616
0425153975
0671041789
080410753X

13661
2
0440211727
0446605239

13662
10
0440211727
0679772677
0446605239
0440224764
044022165X
0446608955
0671023616
0425153975
0671041789
080410753X

13663
10
0440211727
0679772677
0446605239
0440224764
044022165X
0446608955
0671023616
0425153975
0671041789
080410753X

13664
10
0440211727
0679772677
0446605239
0440224764
044022165X
0446608955
0671023616
0425153975
0671041789
080410753X

13665
10
0440211727
0679772677
0446605239
0440224764
044022165X
0446608955
0671023616
0425153975
0671041789
080410753X

13666
2
0440211727
0679772677

13667
2
0440211727
0446605239

13668
10
0440211727
0679772677
0446605239
0440224764
044022165X
0446608955
0671023616
0425153975
0671041789
080410753X

13669
1
0446605239

13670
10
0440211727
0679772677
0446605239
0440224764
044022165X
0446608955
0671023616
0425153975
0671041789
080410753X

13671
10
0440211727
0679772677
0446605239
0440224764
044022165X
0446608955
0671023616
0425153975
0671041789
080410753X

13672
3
0440211727
0679772677
0446605239

13673
10
0440211727
0679772677
0446605239
0440224764
044022165X
0446608955
0671023616
0425153975
0671041789
080410753X

13674
10
0440211727
0679772677
0446605239
0440224764
044022165X
0446608955
0671023616
0425153975
0671041789
080410753X

13675
10
0440211727
0679772677
0446605239
0440224764
044022165X
0446608955
0671023616
0425153975
0671041789
080410753X

13676
10
0440211727
0679772677
0446605239
0440224764
044022165X
0446608955
0671023616
0425153975
0671041789
080410753X

13677
10
0440211727
0679772677
0446605239
0440224764
044022165X
0446608955
0671023616
0425153975
0671041789
080410753X

13678
10
0440211727
0679772677
0446605239
0440224764
044022165X
0446608955
0671023616
0425153975
0671041789
080410753X

13679
10
0440211727
0679772677
0446605239
0440224764
044022165X
0446608955
0671023616
0425153975
0671041789
080410753X

13680
10
0440211727
0679772677
0446605239
0440224764
044022165X
0446608955
0671023616
0425153975
0671041789
080410753X

13681
1
0446605239

13682
3
0440211727
0679772677
0446605239

13683
1
0446605239

13684
3
0440211727
0679772677
0446605239

13685
1
0446605239

13686
1
0446605239

13687
1
0446605239

13688
1
0446605239

13689
2
0440211727
0679772677

13690
2
0440211727
0679772677

13691
10
0440211727
0679772677
0446605239
0440224764
044022165X
0446608955
0671023616
0425153975
0671041789
080410753X

13692
10
0440211727
0679772677
0446605239
0440224764
044022165X
0446608955
0671023616
0425153975
0671041789
080410753X

13693
10
0440211727
0679772677
0446605239
0440224764
044022165X
0446608955
0671023616
0425153975
0671041789
080410753X

13694
1
0446605239

13695
1
0446605239

13696
3
0440211727
0679772677
0446605239

13697
10
0440211727
0679772677
0446605239
0440224764
044022165X
0446608955
0671023616
0425153975
0671041789
080410753X

13698
1
0446605239

13699
2
0440211727
0679772677

13700
10
0440211727
0679772677
0446605239
0440224764
044022165X
0446608955
0671023616
0425153975
0671041789
080410753X

13701
10
0440211727
0679772677
0446605239
0440224764
044022165X
0446608955
0671023616
0425153975
0671041789
080410753X

13702
10
0440211727
0679772677
0446605239
0440224764
044022165X
0446608955
0671023616
0425153975
0671041789
080410753X

13703
10
0440211727
0679772677
0446605239
0440224764
044022165X
0446608955
0671023616
0425153975
0671041789
080410753X

13704
1
0446605239

13705
1
0446605239

13706
10
0440211727
0679772677
0446605239
0440224764
044022165X
0446608955
0671023616
0425153975
0671041789
080410753X

13707
1
0446605239

13708
2
0440211727
0446605239

13709
10
0440211727
0679772677
0446605239
0440224764
044022165X
0446608955
0671023616
0425153975
0671041789
080410753X

13710
2
0440211727
0679772677

13711
10
0440211727
0679772677
0446605239
0440224764
044022165X
0446608955
0671023616
0425153975
0671041789
080410753X

13712
10
0440211727
0679772677
0446605239
0440224764
044022165X
0446608955
0671023616
0425153975
0671041789
080410753X

13713
10
0440211727
0679772677
0446605239
0440224764
044022165X
0446608955
0671023616
0425153975
0671041789
080410753X

13714
1
0446605239

13715
10
0440211727
0679772677
0446605239
0440224764
044022165X
0446608955
0671023616
0425153975
0671041789
080410753X

13716
10
0440211727
0679772677
0446605239
0440224764
044022165X
0446608955
0671023616
0425153975
0671041789
080410753X

13717
3
0440211727
0679772677
0446605239

13718
3
0440211727
0679772677
0446605239

13719
10
0440211727
0679772677
0446605239
0440224764
044022165X
0446608955
0671023616
0425153975
0671041789
080410753X

13720
10
0440211727
0679772677
0446605239
0440224764
044022165X
0446608955
0671023616
0425153975
0671041789
080410753X

13721
10
0440211727
0679772677
0446605239
0440224764
044022165X
0446608955
0671023616
0425153975
0671041789
080410753X

13722
10
0440211727
0679772677
0446605239
0440224764
044022165X
0446608955
0671023616
0425153975
0671041789
080410753X

13723
10
0440211727
0679772677
0446605239
0440224764
044022165X
0446608955
0671023616
0425153975
0671041789
080410753X

13724
10
0440211727
0679772677
0446605239
0440224764
044022165X
0446608955
0671023616
0425153975
0671041789
080410753X

13725
10
0440211727
0679772677
0446605239
0440224764
044022165X
0446608955
0671023616
0425153975
0671041789
080410753X

13726
10
0440211727
0679772677
0446605239
0440224764
044022165X
0446608955
0671023616
0425153975
0671041789
080410753X

13727
10
0440211727
0679772677
0446605239
0440224764
044022165X
0446608955
0671023616
0425153975
0671041789
080410753X

13728
2
0440211727
0446605239

13729
2
0440211727
0679772677

13730
10
0440211727
0679772677
0446605239
0440224764
044022165X
0446608955
0671023616
0425153975
0671041789
080410753X

13731
1
0446605239

13732
10
0440211727
0679772677
0446605239
0440224764
044022165X
0446608955
0671023616
0425153975
0671041789
080410753X

13733
10
0440211727
0679772677
0446605239
0440224764
044022165X
0446608955
0671023616
0425153975
0671041789
080410753X

13734
1
0446605239

13735
10
0440211727
0679772677
0446605239
0440224764
044022165X
0446608955
0671023616
0425153975
0671041789
080410753X

13736
3
0440211727
0679772677
0446605239

13737
10
0440211727
0679772677
0446605239
0440224764
044022165X
0446608955
0671023616
0425153975
0671041789
080410753X

13738
10
0440211727
0679772677
0446605239
0440224764
044022165X
0446608955
0671023616
0425153975
0671041789
080410753X

13739
10
0440211727
0679772677
0446605239
0440224764
044022165X
0446608955
0671023616
0425153975
0671041789
080410753X

13740
10
0440211727
0679772677
0446605239
0440224764
044022165X
0446608955
0671023616
0425153975
0671041789
080410753X

13741
10
0440211727
0679772677
0446605239
0440224764
044022165X
0446608955
0671023616
0425153975
0671041789
080410753X

13742
10
0440211727
0679772677
0446605239
0440224764
044022165X
0446608955
0671023616
0425153975
0671041789
080410753X

13743
10
0440211727
0679772677
0446605239
0440224764
044022165X
0446608955
0671023616
0425153975
0671041789
080410753X

13744
10
0440211727
0679772677
0446605239
0440224764
044022165X
0446608955
0671023616
0425153975
0671041789
080410753X

13745
10
0440211727
0679772677
0446605239
0440224764
044022165X
0446608955
0671023616
0425153975
0671041789
080410753X

13746
10
0440211727
0679772677
0446605239
0440224764
044022165X
0446608955
0671023616
0425153975
0671041789
080410753X

13747
2
0440211727
0446605239

13748
10
0440211727
0679772677
0446605239
0440224764
044022165X
0446608955
0671023616
0425153975
0671041789
080410753X

13749
10
0440211727
0679772677
0446605239
0440224764
044022165X
0446608955
0671023616
0425153975
0671041789
080410753X

13750
10
0440211727
0679772677
0446605239
0440224764
044022165X
0446608955
0671023616
0425153975
0671041789
080410753X

13751
1
0446605239

13752
2
0440211727
0679772677

13753
1
0446605239

13754
10
0671001795
067102423X
0671510053
0671670662
0671695142
0671695169
0671708635
068484267X
0684862719
0440211727

13755
10
0440211727
0679772677
0446605239
0440224764
044022165X
0446608955
0671023616
0425153975
0671041789
080410753X

13756
10
0440211727
0679772677
0446605239
0440224764
044022165X
0446608955
0671023616
0425153975
0671041789
080410753X

13757
10
0440211727
0679772677
0446605239
0440224764
044022165X
0446608955
0671023616
0425153975
0671041789
080410753X

13758
1
0440211727

13759
10
0440211727
0679772677
0446605239
0440224764
044022165X
0446608955
0671023616
0425153975
0671041789
080410753X

13760
10
0440211727
0679772677
0446605239
0440224764
044022165X
0446608955
0671023616
0425153975
0671041789
080410753X

13761
10
0440211727
0679772677
0446605239
0440224764
044022165X
0446608955
0671023616
0425153975
0671041789
080410753X

13762
1
0440211727

13763
10
0440211727
0679772677
0446605239
0440224764
044022165X
0446608955
0671023616
0425153975
0671041789
080410753X

13764
10
0440211727
0679772677
0446605239
0440224764
044022165X
0446608955
0671023616
0425153975
0671041789
080410753X

13765
10
0440211727
0679772677
0446605239
0440224764
044022165X
0446608955
0671023616
0425153975
0671041789
080410753X

13766
10
0440211727
0679772677
0446605239
0440224764
044022165X
0446608955
0671023616
0425153975
0671041789
080410753X

13767
10
0440211727
0679772677
0446605239
0440224764
044022165X
0446608955
0671023616
0425153975
0671041789
080410753X

13768
10
0440211727
0679772677
0446605239
0440224764
044022165X
0446608955
0671023616
0425153975
0671041789
080410753X

13769
1
0440211727

13770
10
0440211727
0679772677
0446605239
0440224764
044022165X
0446608955
0671023616
0425153975
0671041789
080410753X

13771
10
0440211727
0679772677
0446605239
0440224764
044022165X
0446608955
0671023616
0425153975
0671041789
080410753X

13772
10
0440211727
0679772677
0446605239
0440224764
044022165X
0446608955
0671023616
0425153975
0671041789
080410753X

13773
10
0440211727
0679772677
0446605239
0440224764
044022165X
0446608955
0671023616
0425153975
0671041789
080410753X

13774
10
0440211727
0679772677
0446605239
0440224764
044022165X
0446608955
0671023616
0425153975
0671041789
080410753X

13775
10
0440211727
0679772677
0446605239
0440224764
044022165X
0446608955
0671023616
0425153975
0671041789
080410753X

13776
10
0440211727
0679772677
0446605239
0440224764
044022165X
0446608955
0671023616
0425153975
0671041789
080410753X

13777
1
0440211727

13778
10
0440211727
0679772677
0446605239
0440224764
044022165X
0446608955
0671023616
0425153975
0671041789
080410753X

13779
10
0440211727
0679772677
0446605239
0440224764
044022165X
0446608955
0671023616
0425153975
0671041789
080410753X

13780
10
0440211727
0679772677
0446605239
0440224764
044022165X
0446608955
0671023616
0425153975
0671041789
080410753X

13781
10
0440211727
0679772677
0446605239
0440224764
044022165X
0446608955
0671023616
0425153975
0671041789
080410753X

13782
10
0440211727
0679772677
0446605239
0440224764
044022165X
0446608955
0671023616
0425153975
0671041789
080410753X

13783
10
0440211727
0679772677
0446605239
0440224764
044022165X
0446608955
0671023616
0425153975
0671041789
080410753X

13784
10
0440211727
0679772677
0446605239
0440224764
044022165X
0446608955
0671023616
0425153975
0671041789
080410753X

13785
10
0440211727
0679772677
0446605239
0440224764
044022165X
0446608955
0671023616
0425153975
0671041789
080410753X

13786
10
0440211727
0679772677
0446605239
0440224764
044022165X
0446608955
0671023616
0425153975
0671041789
080410753X

13787
10
0440211727
0679772677
0446605239
0440224764
044022165X
0446608955
0671023616
0425153975
0671041789
080410753X

13788
1
0440211727

13789
10
0440211727
0679772677
0446605239
0440224764
044022165X
0446608955
0671023616
0425153975
0671041789
080410753X

13790
10
0440211727
0679772677
0446605239
0440224764
044022165X
0446608955
0671023616
0425153975
0671041789
080410753X

13791
10
0440211727
0679772677
0446605239
0440224764
044022165X
0446608955
0671023616
0425153975
0671041789
080410753X

13792
10
0440211727
0679772677
0446605239
0440224764
044022165X
0446608955
0671023616
0425153975
0671041789
080410753X

13793
10
0440211727
0679772677
0446605239
0440224764
044022165X
0446608955
0671023616
0425153975
0671041789
080410753X

13794
1
0440211727

13795
10
0440211727
0679772677
0446605239
0440224764
044022165X
0446608955
0671023616
0425153975
0671041789
080410753X

13796
10
0440211727
0679772677
0446605239
0440224764
044022165X
0446608955
0671023616
0425153975
0671041789
080410753X

13797
10
0440211727
0679772677
0446605239
0440224764
044022165X
0446608955
0671023616
0425153975
0671041789
080410753X

13798
10
0440211727
0679772677
0446605239
0440224764
044022165X
0446608955
0671023616
0425153975
0671041789
080410753X

13799
10
0440211727
0679772677
0446605239
0440224764
044022165X
0446608955
0671023616
0425153975
0671041789
080410753X

13800
10
0440211727
0679772677
0446605239
0440224764
044022165X
0446608955
0671023616
0425153975
0671041789
080410753X

13801
10
0440211727
0679772677
0446605239
0440224764
044022165X
0446608955
0671023616
0425153975
0671041789
080410753X

13802
10
0440211727
0679772677
0446605239
0440224764
044022165X
0446608955
0671023616
0425153975
0671041789
080410753X

13803
10
0440211727
0679772677
0446605239
0440224764
044022165X
0446608955
0671023616
0425153975
0671041789
080410753X

13804
10
0440211727
0679772677
0446605239
0440224764
044022165X
0446608955
0671023616
0425153975
0671041789
080410753X

13805
10
0440211727
0679772677
0446605239
0440224764
044022165X
0446608955
0671023616
0425153975
0671041789
080410753X

13806
10
0440211727
0679772677
0446605239
0440224764
044022165X
0446608955
0671023616
0425153975
0671041789
080410753X

13807
1
0440211727

13808
10
0440211727
0679772677
0446605239
0440224764
044022165X
0446608955
0671023616
0425153975
0671041789
080410753X

13809
10
0440211727
0679772677
0446605239
0440224764
044022165X
0446608955
0671023616
0425153975
0671041789
080410753X

13810
10
0440211727
0679772677
0446605239
0440224764
044022165X
0446608955
0671023616
0425153975
0671041789
080410753X

13811
10
0440211727
0679772677
0446605239
0440224764
044022165X
0446608955
0671023616
0425153975
0671041789
080410753X

13812
10
0440211727
0679772677
0446605239
0440224764
044022165X
0446608955
0671023616
0425153975
0671041789
080410753X

13813
1
0440211727

13814
1
0440211727

13815
1
0440211727

13816
10
0440211727
0679772677
0446605239
0440224764
044022165X
0446608955
0671023616
0425153975
0671041789
080410753X

13817
10
0440211727
0679772677
0446605239
0440224764
044022165X
0446608955
0671023616
0425153975
0671041789
080410753X

13818
10
0440211727
0679772677
0446605239
0440224764
044022165X
0446608955
0671023616
0425153975
0671041789
080410753X

13819
10
0440211727
0679772677
0446605239
0440224764
044022165X
0446608955
0671023616
0425153975
0671041789
080410753X

13820
10
0440211727
0679772677
0446605239
0440224764
044022165X
0446608955
0671023616
0425153975
0671041789
080410753X

13821
10
0440211727
0679772677
0446605239
0440224764
044022165X
0446608955
0671023616
0425153975
0671041789
080410753X

13822
10
0440211727
0679772677
0446605239
0440224764
044022165X
0446608955
0671023616
0425153975
0671041789
080410753X

13823
1
0440211727

13824
10
0440211727
0679772677
0446605239
0440224764
044022165X
0446608955
0671023616
0425153975
0671041789
080410753X

13825
10
0440211727
0679772677
0446605239
0440224764
044022165X
0446608955
0671023616
0425153975
0671041789
080410753X

13826
10
0440211727
0679772677
0446605239
0440224764
044022165X
0446608955
0671023616
0425153975
0671041789
080410753X

13827
10
0440211727
0679772677
0446605239
0440224764
044022165X
0446608955
0671023616
0425153975
0671041789
080410753X

13828
10
0440211727
0679772677
0446605239
0440224764
044022165X
0446608955
0671023616
0425153975
0671041789
080410753X

13829
1
0440211727

13830
10
0440211727
0679772677
0446605239
0440224764
044022165X
0446608955
0671023616
0425153975
0671041789
080410753X

13831
10
0440211727
0679772677
0446605239
0440224764
044022165X
0446608955
0671023616
0425153975
0671041789
080410753X

13832
10
0440211727
0679772677
0446605239
0440224764
044022165X
0446608955
0671023616
0425153975
0671041789
080410753X

13833
10
0440211727
0679772677
0446605239
0440224764
044022165X
0446608955
0671023616
0425153975
0671041789
080410753X

13834
10
0440211727
0679772677
0446605239
0440224764
044022165X
0446608955
0671023616
0425153975
0671041789
080410753X

13835
10
0440211727
0679772677
0446605239
0440224764
044022165X
0446608955
0671023616
0425153975
0671041789
080410753X

13836
10
0440211727
0679772677
0446605239
0440224764
044022165X
0446608955
0671023616
0425153975
0671041789
080410753X

13837
10
0440211727
0679772677
0446605239
0440224764
044022165X
0446608955
0671023616
0425153975
0671041789
080410753X

13838
10
0440211727
0679772677
0446605239
0440224764
044022165X
0446608955
0671023616
0425153975
0671041789
080410753X

13839
10
0440211727
0679772677
0446605239
0440224764
044022165X
0446608955
0671023616
0425153975
0671041789
080410753X

13840
10
0440211727
0679772677
0446605239
0440224764
044022165X
0446608955
0671023616
0425153975
0671041789
080410753X

13841
10
0440211727
0679772677
0446605239
0440224764
044022165X
0446608955
0671023616
0425153975
0671041789
080410753X

13842
10
0440211727
0679772677
0446605239
0440224764
044022165X
0446608955
0671023616
0425153975
0671041789
080410753X

13843
10
0440211727
0679772677
0446605239
0440224764
044022165X
0446608955
0671023616
0425153975
0671041789
080410753X

13844
10
0440211727
0679772677
0446605239
0440224764
044022165X
0446608955
0671023616
0425153975
0671041789
080410753X

13845
10
0440211727
0679772677
0446605239
0440224764
044022165X
0446608955
0671023616
0425153975
0671041789
080410753X

13846
10
0440211727
0679772677
0446605239
0440224764
044022165X
0446608955
0671023616
0425153975
0671041789
080410753X

13847
10
0440211727
0679772677
0446605239
0440224764
044022165X
0446608955
0671023616
0425153975
0671041789
080410753X

13848
10
0440211727
0679772677
0446605239
0440224764
044022165X
0446608955
0671023616
0425153975
0671041789
080410753X

13849
10
0440211727
0679772677
0446605239
0440224764
044022165X
0446608955
0671023616
0425153975
0671041789
080410753X

13850
10
0440211727
0679772677
0446605239
0440224764
044022165X
0446608955
0671023616
0425153975
0671041789
080410753X

13851
1
0440211727

13852
10
0440211727
0679772677
0446605239
0440224764
044022165X
0446608955
0671023616
0425153975
0671041789
080410753X

13853
1
0440211727

13854
1
0440211727

13855
10
0440211727
0679772677
0446605239
0440224764
044022165X
0446608955
0671023616
0425153975
0671041789
080410753X

13856
10
0440211727
0679772677
0446605239
0440224764
044022165X
0446608955
0671023616
0425153975
0671041789
080410753X

13857
10
0440211727
0679772677
0446605239
0440224764
044022165X
0446608955
0671023616
0425153975
0671041789
080410753X

13858
10
0440211727
0679772677
0446605239
0440224764
044022165X
0446608955
0671023616
0425153975
0671041789
080410753X

13859
1
0440211727

13860
10
0440211727
0679772677
0446605239
0440224764
044022165X
0446608955
0671023616
0425153975
0671041789
080410753X

13861
10
0440211727
0679772677
0446605239
0440224764
044022165X
0446608955
0671023616
0425153975
0671041789
080410753X

13862
10
0440211727
0679772677
0446605239
0440224764
044022165X
0446608955
0671023616
0425153975
0671041789
080410753X

13863
10
0440211727
0679772677
0446605239
0440224764
044022165X
0446608955
0671023616
0425153975
0671041789
080410753X

13864
10
0440211727
0679772677
0446605239
0440224764
044022165X
0446608955
0671023616
0425153975
0671041789
080410753X

13865
10
0440211727
0679772677
0446605239
0440224764
044022165X
0446608955
0671023616
0425153975
0671041789
080410753X

13866
10
0440211727
0679772677
0446605239
0440224764
044022165X
0446608955
0671023616
0425153975
0671041789
080410753X

13867
10
0440211727
0679772677
0446605239
0440224764
044022165X
0446608955
0671023616
0425153975
0671041789
080410753X

13868
10
0440211727
0679772677
0446605239
0440224764
044022165X
0446608955
0671023616
0425153975
0671041789
080410753X

13869
10
0440211727
0679772677
0446605239
0440224764
044022165X
0446608955
0671023616
0425153975
0671041789
080410753X

13870
1
0440211727

13871
10
0440211727
0679772677
0446605239
0440224764
044022165X
0446608955
0671023616
0425153975
0671041789
080410753X

13872
10
0440211727
0679772677
0446605239
0440224764
044022165X
0446608955
0671023616
0425153975
0671041789
080410753X

13873
10
0440211727
0679772677
0446605239
0440224764
044022165X
0446608955
0671023616
0425153975
0671041789
080410753X

13874
10
0440211727
0679772677
0446605239
0440224764
044022165X
0446608955
0671023616
0425153975
0671041789
080410753X

13875
10
0440211727
0679772677
0446605239
0440224764
044022165X
0446608955
0671023616
0425153975
0671041789
080410753X

13876
10
0440211727
0679772677
0446605239
0440224764
044022165X
0446608955
0671023616
0425153975
0671041789
080410753X

13877
10
0440211727
0679772677
0446605239
0440224764
044022165X
0446608955
0671023616
0425153975
0671041789
080410753X

13878
10
0440211727
0679772677
0446605239
0440224764
044022165X
0446608955
0671023616
0425153975
0671041789
080410753X

13879
10
0440211727
0679772677
0446605239
0440224764
044022165X
0446608955
0671023616
0425153975
0671041789
080410753X

13880
10
0440211727
0679772677
0446605239
0440224764
044022165X
0446608955
0671023616
0425153975
0671041789
080410753X

13881
10
0440211727
0679772677
0446605239
0440224764
044022165X
0446608955
0671023616
0425153975
0671041789
080410753X

13882
10
0440211727
0679772677
0446605239
0440224764
044022165X
0446608955
0671023616
0425153975
0671041789
080410753X

13883
10
0440211727
0679772677
0446605239
0440224764
044022165X
0446608955
0671023616
0425153975
0671041789
080410753X

13884
1
0440211727

13885
10
0440211727
0679772677
0446605239
0440224764
044022165X
0446608955
0671023616
0425153975
0671041789
080410753X

13886
10
0440211727
0679772677
0446605239
0440224764
044022165X
0446608955
0671023616
0425153975
0671041789
080410753X

13887
10
0440211727
0679772677
0446605239
0440224764
044022165X
0446608955
0671023616
0425153975
0671041789
080410753X

13888
10
0440211727
0679772677
0446605239
0440224764
044022165X
0446608955
0671023616
0425153975
0671041789
080410753X

13889
10
0440211727
0679772677
0446605239
0440224764
044022165X
0446608955
0671023616
0425153975
0671041789
080410753X

13890
10
0440211727
0679772677
0446605239
0440224764
044022165X
0446608955
0671023616
0425153975
0671041789
080410753X

13891
1
0440211727

13892
10
0440211727
0679772677
0446605239
0440224764
044022165X
0446608955
0671023616
0425153975
0671041789
080410753X

13893
10
0440211727
0679772677
0446605239
0440224764
044022165X
0446608955
0671023616
0425153975
0671041789
080410753X

13894
10
0440211727
0679772677
0446605239
0440224764
044022165X
0446608955
0671023616
0425153975
0671041789
080410753X

13895
10
0440211727
0679772677
0446605239
0440224764
044022165X
0446608955
0671023616
0425153975
0671041789
080410753X

13896
10
0440211727
0679772677
0446605239
0440224764
044022165X
0446608955
0671023616
0425153975
0671041789
080410753X

13897
1
0440211727

13898
10
0440211727
0679772677
0446605239
0440224764
044022165X
0446608955
0671023616
0425153975
0671041789
080410753X

13899
10
0440211727
0679772677
0446605239
0440224764
044022165X
0446608955
0671023616
0425153975
0671041789
080410753X

13900
10
0440211727
0679772677
0446605239
0440224764
044022165X
0446608955
0671023616
0425153975
0671041789
080410753X

13901
1
0440211727

13902
10
0440211727
0679772677
0446605239
0440224764
044022165X
0446608955
0671023616
0425153975
0671041789
080410753X

13903
1
0440211727

13904
10
0440211727
0679772677
0446605239
0440224764
044022165X
0446608955
0671023616
0425153975
0671041789
080410753X

13905
10
0440211727
0679772677
0446605239
0440224764
044022165X
0446608955
0671023616
0425153975
0671041789
080410753X

13906
10
0440211727
0679772677
0446605239
0440224764
044022165X
0446608955
0671023616
0425153975
0671041789
080410753X

13907
10
0440211727
0679772677
0446605239
0440224764
044022165X
0446608955
0671023616
0425153975
0671041789
080410753X

13908
1
0440211727

13909
10
0440211727
0679772677
0446605239
0440224764
044022165X
0446608955
0671023616
0425153975
0671041789
080410753X

13910
10
0440211727
0679772677
0446605239
0440224764
044022165X
0446608955
0671023616
0425153975
0671041789
080410753X

13911
10
0440211727
0679772677
0446605239
0440224764
044022165X
0446608955
0671023616
0425153975
0671041789
080410753X

13912
10
0440211727
0679772677
0446605239
0440224764
044022165X
0446608955
0671023616
0425153975
0671041789
080410753X

13913
1
0440211727

13914
10
0440211727
0679772677
0446605239
0440224764
044022165X
0446608955
0671023616
0425153975
0671041789
080410753X

13915
10
0440211727
0679772677
0446605239
0440224764
044022165X
0446608955
0671023616
0425153975
0671041789
080410753X

13916
1
0440211727

13917
10
0440211727
0679772677
0446605239
0440224764
044022165X
0446608955
0671023616
0425153975
0671041789
080410753X

13918
1
0440211727

13919
10
0440211727
0679772677
0446605239
0440224764
044022165X
0446608955
0671023616
0425153975
0671041789
080410753X

13920
1
0440211727

13921
10
0440211727
0679772677
0446605239
0440224764
044022165X
0446608955
0671023616
0425153975
0671041789
080410753X

13922
10
0440211727
0679772677
0446605239
0440224764
044022165X
0446608955
0671023616
0425153975
0671041789
080410753X

13923
10
0440211727
0679772677
0446605239
0440224764
044022165X
0446608955
0671023616
0425153975
0671041789
080410753X

13924
10
0440211727
0679772677
0446605239
0440224764
044022165X
0446608955
0671023616
0425153975
0671041789
080410753X

13925
1
0440211727

13926
10
0440211727
0679772677
0446605239
0440224764
044022165X
0446608955
0671023616
0425153975
0671041789
080410753X

13927
10
0440211727
0679772677
0446605239
0440224764
044022165X
0446608955
0671023616
0425153975
0671041789
080410753X

13928
10
0440211727
0679772677
0446605239
0440224764
044022165X
0446608955
0671023616
0425153975
0671041789
080410753X

13929
10
0440211727
0679772677
0446605239
0440224764
044022165X
0446608955
0671023616
0425153975
0671041789
080410753X

13930
1
0440211727

13931
10
0440211727
0679772677
0446605239
0440224764
044022165X
0446608955
0671023616
0425153975
0671041789
080410753X

13932
10
0440211727
0679772677
0446605239
0440224764
044022165X
0446608955
0671023616
0425153975
0671041789
080410753X

13933
1
0440211727

13934
1
0440211727

13935
1
0440211727

13936
10
0440211727
0679772677
0446605239
0440224764
044022165X
0446608955
0671023616
0425153975
0671041789
080410753X

13937
10
0440211727
0679772677
0446605239
0440224764
044022165X
0446608955
0671023616
0425153975
0671041789
080410753X

13938
10
0440211727
0679772677
0446605239
0440224764
044022165X
0446608955
0671023616
0425153975
0671041789
080410753X

13939
10
0440211727
0679772677
0446605239
0440224764
044022165X
0446608955
0671023616
0425153975
0671041789
080410753X

13940
10
0440211727
0679772677
0446605239
0440224764
044022165X
0446608955
0671023616
0425153975
0671041789
080410753X

13941
1
0440211727

13942
10
0440211727
0679772677
0446605239
0440224764
044022165X
0446608955
0671023616
0425153975
0671041789
080410753X

13943
10
0440211727
0679772677
0446605239
0440224764
044022165X
0446608955
0671023616
0425153975
0671041789
080410753X

13944
1
0440211727

13945
10
0440211727
0679772677
0446605239
0440224764
044022165X
0446608955
0671023616
0425153975
0671041789
080410753X

13946
10
0440211727
0679772677
0446605239
0440224764
044022165X
0446608955
0671023616
0425153975
0671041789
080410753X

13947
1
0440211727

13948
1
0440211727

13949
10
0440211727
0679772677
0446605239
0440224764
044022165X
0446608955
0671023616
0425153975
0671041789
080410753X

13950
10
0440211727
0679772677
0446605239
0440224764
044022165X
0446608955
0671023616
0425153975
0671041789
080410753X

13951
10
0440211727
0679772677
0446605239
0440224764
044022165X
0446608955
0671023616
0425153975
0671041789
080410753X

13952
10
0440211727
0679772677
0446605239
0440224764
044022165X
0446608955
0671023616
0425153975
0671041789
080410753X

13953
10
0440211727
0679772677
0446605239
0440224764
044022165X
0446608955
0671023616
0425153975
0671041789
080410753X

13954
10
0440211727
0679772677
0446605239
0440224764
044022165X
0446608955
0671023616
0425153975
0671041789
080410753X

13955
1
0440211727

13956
10
0440211727
0679772677
0446605239
0440224764
044022165X
0446608955
0671023616
0425153975
0671041789
080410753X

13957
10
0440211727
0679772677
0446605239
0440224764
044022165X
0446608955
0671023616
0425153975
0671041789
080410753X

13958
10
0440211727
0679772677
0446605239
0440224764
044022165X
0446608955
0671023616
0425153975
0671041789
080410753X

13959
10
0440211727
0679772677
0446605239
0440224764
044022165X
0446608955
0671023616
0425153975
0671041789
080410753X

13960
10
0440211727
0679772677
0446605239
0440224764
044022165X
0446608955
0671023616
0425153975
0671041789
080410753X

13961
10
0440211727
0679772677
0446605239
0440224764
044022165X
0446608955
0671023616
0425153975
0671041789
080410753X

13962
10
0440211727
0679772677
0446605239
0440224764
044022165X
0446608955
0671023616
0425153975
0671041789
080410753X

13963
10
0440211727
0679772677
0446605239
0440224764
044022165X
0446608955
0671023616
0425153975
0671041789
080410753X

13964
1
0440211727

13965
10
0440211727
0679772677
0446605239
0440224764
044022165X
0446608955
0671023616
0425153975
0671041789
080410753X

13966
10
0440211727
0679772677
0446605239
0440224764
044022165X
0446608955
0671023616
0425153975
0671041789
080410753X

13967
1
0440211727

13968
10
0440211727
0679772677
0446605239
0440224764
044022165X
0446608955
0671023616
0425153975
0671041789
080410753X

13969
1
0440211727

13970
10
0440211727
0679772677
0446605239
0440224764
044022165X
0446608955
0671023616
0425153975
0671041789
080410753X

13971
10
0440211727
0679772677
0446605239
0440224764
044022165X
0446608955
0671023616
0425153975
0671041789
080410753X

13972
10
0440211727
0679772677
0446605239
0440224764
044022165X
0446608955
0671023616
0425153975
0671041789
080410753X

13973
10
0440211727
0679772677
0446605239
0440224764
044022165X
0446608955
0671023616
0425153975
0671041789
080410753X

13974
10
0440211727
0679772677
0446605239
0440224764
044022165X
0446608955
0671023616
0425153975
0671041789
080410753X

13975
1
0440211727

13976
10
0440211727
0679772677
0446605239
0440224764
044022165X
0446608955
0671023616
0425153975
0671041789
080410753X

13977
1
0440211727

13978
10
0440211727
0679772677
0446605239
0440224764
044022165X
0446608955
0671023616
0425153975
0671041789
080410753X

13979
10
0440211727
0679772677
0446605239
0440224764
044022165X
0446608955
0671023616
0425153975
0671041789
080410753X

13980
10
0440211727
0679772677
0446605239
0440224764
044022165X
0446608955
0671023616
0425153975
0671041789
080410753X

13981
10
0440211727
0679772677
0446605239
0440224764
044022165X
0446608955
0671023616
0425153975
0671041789
080410753X

13982
10
0440211727
0679772677
0446605239
0440224764
044022165X
0446608955
0671023616
0425153975
0671041789
080410753X

13983
10
0440211727
0679772677
0446605239
0440224764
044022165X
0446608955
0671023616
0425153975
0671041789
080410753X

13984
10
0440211727
0679772677
0446605239
0440224764
044022165X
0446608955
0671023616
0425153975
0671041789
080410753X

13985
10
0440211727
0679772677
0446605239
0440224764
044022165X
0446608955
0671023616
0425153975
0671041789
080410753X

13986
10
0440211727
0679772677
0446605239
0440224764
044022165X
0446608955
0671023616
0425153975
0671041789
080410753X

13987
10
0440211727
0679772677
0446605239
0440224764
044022165X
0446608955
0671023616
0425153975
0671041789
080410753X

13988
10
0440211727
0679772677
0446605239
0440224764
044022165X
0446608955
0671023616
0425153975
0671041789
080410753X

13989
1
0440211727

13990
10
0440211727
0679772677
0446605239
0440224764
044022165X
0446608955
0671023616
0425153975
0671041789
080410753X

13991
10
0440211727
0679772677
0446605239
0440224764
044022165X
0446608955
0671023616
0425153975
0671041789
080410753X

13992
10
0440211727
0679772677
0446605239
0440224764
044022165X
0446608955
0671023616
0425153975
0671041789
080410753X

13993
10
0440211727
0679772677
0446605239
0440224764
044022165X
0446608955
0671023616
0425153975
0671041789
080410753X

13994
10
0440211727
0679772677
0446605239
0440224764
044022165X
0446608955
0671023616
0425153975
0671041789
080410753X

13995
10
0440211727
0679772677
0446605239
0440224764
044022165X
0446608955
0671023616
0425153975
0671041789
080410753X

13996
10
0440211727
0679772677
0446605239
0440224764
044022165X
0446608955
0671023616
0425153975
0671041789
080410753X

13997
10
0440211727
0679772677
0446605239
0440224764
044022165X
0446608955
0671023616
0425153975
0671041789
080410753X

13998
1
0440211727

13999
10
0440211727
0679772677
0446605239
0440224764
044022165X
0446608955
0671023616
0425153975
0671041789
080410753X

14000
10
0440211727
0679772677
0446605239
0440224764
044022165X
0446608955
0671023616
0425153975
0671041789
080410753X

