006018311X
0060198346
0061009059
0061042005
0061097314
0064400964
0156006529
0425109720
0425155188
0425162443
0425166171
0440213282
0440213525
0440217547
0440223237
0440224055
0440225701
0440226104
0446364762
0446601241
0446670197
0449223450
0449907481
0451190491
0451192001
0452279453
0452282829
055329170X
0553295977
0553299506
0590494368
0671042556
0671867172
0679746048
067976402X
0767902513
0786866586
0800792149
0801010705
0802115330
0802135501
0802313167
0802487874
0802490549
0802773877
0804101396
0804107513
080410882X
0804108854
080410946X
080411188X
0804112258
0804112592
0804112657
0804113645
0804114862
0804114897
0804115729
080411952X
0805004610
080500503X
0805012478
0805019367
0805047360
0805047905
0805054537
0805055452
0805056211
0805060367
0805065989
0805461957
0806512385
0806961007
0807846465
0809321297
0810980991
0811823601
0811825558
0812095367
0812502701
0812504321
0812504380
0812511182
0812511816
0812513010
0812517032
0812517164
0812518055
0812520629
0812521463
0812522729
0812532368
0812534379
0812536460
0812541642
0812544161
0812550307
0812550390
0812550706
0812550978
0812551583
0812555112
0812558251
0812564596
0812565657
0812566629
0812566637
0812574982
0812590252
0812921828
0812928342
0812928423
0814402178
0815604599
0816038465
0816148708
0816724334
0816724350
0818402539
0821223496
0821731130
0821735985
0821738976
0821742841
0821746200
0821747169
0821758179
0821764039
0821766570
0821766775
0826321143
0828009775
0830724923
0830813233
0835806219
0836218981
0836250877
0837820464
0840732422
0840734581
0840775776
0840792549
084230052X
0842314296
084231802X
0842319476
0842329129
0842329277
0842329285
0842335722
0842339558
0842342702
0842350233
084237356X
0842378480
0843136685
0843931248
0843938366
0843947470
0849913241
0854491872
0865342695
086622064X
0870119206
0871136791
087351288X
0873513193
0873513223
0874068118
0874068541
0874173515
0874313759
0874776945
0875346197
0875427391
087584877X
087596480X
0877735441
0877900507
0878579109
0879516984
0879612312
0879737964
0880704756
0880709723
0881844632
0883638886
0883965054
0886774039
0886774268
0886775744
0886776155
0886776880
0886777119
0886777410
0886777631
0886777844
0886778441
0886779014
0886875269
0887307361
0890438439
0890817715
089107919X
089109072X
0891092897
0891093699
0891096078
0891098623
0891904891
0892131187
0892744421
089281781X
0892837101
0892966882
0895297310
0895775506
0896938174
0898156270
0898621283
0898863538
0899669611
0915473135
0915811405
0918684544
0921912951
093871628X
0940159147
094323509X
0943703034
0944072917
0944641393
0961475439
0961866349
0962341053
0963557572
0963625543
0964102404
0964411911
0964920107
0966443004
0970310501
1551664305
1551664992
1551666219
1555136591
1555137377
1555253903
1555972403
1556113307
1556155689
1556591241
1556611102
1556611536
1556613369
155661683X
1556708556
1557282048
1557481733
1557482101
1557508275
1558174516
1558176535
1558176756
1558211853
1558500502
1558502874
1558505377
1558535527
1558672540
1558701311
1558743669
1558746161
1558747028
155874715X
1558747346
1558747478
1559360615
1559360739
1559703237
1559722754
1559724307
1560545151
1561291935
1561384798
1561481858
1561790206
1561790613
1561793620
1561794058
1561794600
1561796344
1561893978
1562470043
1562472305
1562477579
1562477587
156282144X
1562921495
1564265536
156476768X
1565071875
156512104X
1565846567
1566395305
1567312950
1568362641
1569470901
1569550913
1569800677
1572430753
1572701285
1572972939
1573220876
1573221252
1573221686
1573225517
1573225789
1573227358
1574882295
1575661381
1575663643
1575665646
1575842793
1576730409
1576731863
1576732533
1576736512
1577487869
1578511933
1579620604
157965116X
1582340544
158234096X
1582430225
1585420654
1587210975
1850155011
1850510881
1851680659
1852307927
1853260053
1853260282
1853260509
185326119X
1856979660
1857231791
1860192599
1875989048
1878067265
1878424424
1878580450
1878605003
1878734601
1881471322
1883523133
1883642442
1884739091
1885492030
1885492200
1886746370
1887911510
1903436087
1929156006
2070415686
2070516504
2221081722
2253005274
2253076287
2253171395
3150089573
3257208626
325722575X
3257228007
3257229534
3404242750
342310516X
3423203668
3426600218
3426606488
3426650754
3442411580
3442424623
3442441382
3442446783
3442720141
3442723302
3446178694
345305136X
3453061187
3453149874
3453150538
3466343755
3492101658
3499131706
349913358X
3499136899
3499137909
3518393707
3596121477
8401462924
8401463297
8420483125
8427285094
8432215058
8439719558
8440627203
8440643586
8445071416
8477204055
8478807934
8480122048
8483140004
8488791518
8804375914
8885989403
9724119378
9960340112
