13048
1
0440211263	0.685188709827532

13082
2
0140292683	0.74740931868366
0425124347	0.74740931868366

13104
0

13121
1
0440211263	0.685188709827532

13126
0

13164
0

13231
0

13260
0

13273
0

13279
0

13331
2
0140292683	0.737209780774486
0425124347	0.737209780774486

13428
0

13503
0

13518
2
0140292683	0.737209780774486
0425124347	0.737209780774486

13551
0

13552
2
0689807791	0.66436383882992
044021145X	0.613846182903962

13582
10
0671001795	0.99975317783161
067102423X	0.99975317783161
0671510053	0.99975317783161
0671670662	0.99975317783161
0671695142	0.99975317783161
0671695169	0.99975317783161
0671708635	0.99975317783161
068484267X	0.99975317783161
068484477X	0.99975317783161
0684862719	0.99975317783161

13600
0

13604
0

13659
10
0671001795	0.999375585327815
067102423X	0.999375585327815
0671510053	0.999375585327815
0671670662	0.999375585327815
0671695142	0.999375585327815
0671695169	0.999375585327815
0671708635	0.999375585327815
068484267X	0.999375585327815
068484477X	0.999375585327815
0684862719	0.999375585327815

13664
0

13709
0

13715
0

13723
0

13735
2
0552998486	0.0222167372851469
0670882070	0.0222167372851469

13754
10
0671001795	0.577350269189626
067102423X	0.577350269189626
0671510053	0.577350269189626
0671670662	0.577350269189626
0671695142	0.577350269189626
0671695169	0.577350269189626
0671708635	0.577350269189626
068484267X	0.577350269189626
068484477X	0.577350269189626
0684862719	0.577350269189626

13799
0

13850
10
0671001795	0.577350269189626
067102423X	0.577350269189626
0671510053	0.577350269189626
0671670662	0.577350269189626
0671695142	0.577350269189626
0671695169	0.577350269189626
0671708635	0.577350269189626
068484267X	0.577350269189626
068484477X	0.577350269189626
0684862719	0.577350269189626

13858
0

13863
0

13896
0

13935
0

13968
10
0671001795	0.789230806590808
067102423X	0.789230806590808
0671510053	0.789230806590808
0671670662	0.789230806590808
0671695142	0.789230806590808
0671695169	0.789230806590808
0671708635	0.789230806590808
068484267X	0.789230806590808
068484477X	0.789230806590808
0684862719	0.789230806590808

13973
0

13995
0

